{
"lowlevel": {
    "average_loudness": 0.41293990612,
    "barkbands_crest": {
        "dmean": 2.40457677841,
        "dmean2": 3.83156394958,
        "dvar": 4.85111999512,
        "dvar2": 11.998128891,
        "max": 26.6129398346,
        "mean": 9.93522262573,
        "median": 9.1085767746,
        "min": 2.72175002098,
        "var": 16.3306102753
    },
    "barkbands_flatness_db": {
        "dmean": 0.0197138357908,
        "dmean2": 0.0295585375279,
        "dvar": 0.000432293920312,
        "dvar2": 0.00105417345185,
        "max": 0.399931252003,
        "mean": 0.145199999213,
        "median": 0.145179629326,
        "min": 0.0321569629014,
        "var": 0.0019885848742
    },
    "barkbands_kurtosis": {
        "dmean": 3.35810947418,
        "dmean2": 5.68970012665,
        "dvar": 441.553436279,
        "dvar2": 1537.30322266,
        "max": 614.81036377,
        "mean": 4.00017976761,
        "median": 1.47145962715,
        "min": -1.89578104019,
        "var": 348.568206787
    },
    "barkbands_skewness": {
        "dmean": 0.52594602108,
        "dmean2": 0.809503793716,
        "dvar": 0.774976372719,
        "dvar2": 2.43994903564,
        "max": 23.2329063416,
        "mean": 1.38864922523,
        "median": 1.24479746819,
        "min": -4.70614671707,
        "var": 1.90362751484
    },
    "barkbands_spread": {
        "dmean": 4.78922939301,
        "dmean2": 7.25282812119,
        "dvar": 32.6043777466,
        "dvar2": 67.1435241699,
        "max": 89.0431671143,
        "mean": 19.3048019409,
        "median": 16.2486686707,
        "min": 0.548121392727,
        "var": 140.593719482
    },
    "dissonance": {
        "dmean": 0.0210822764784,
        "dmean2": 0.0349583514035,
        "dvar": 0.000420082826167,
        "dvar2": 0.00110679853242,
        "max": 0.500000059605,
        "mean": 0.450748711824,
        "median": 0.458340018988,
        "min": 0.244601741433,
        "var": 0.00114478357136
    },
    "dynamic_complexity": 5.20182275772,
    "erbbands_crest": {
        "dmean": 2.74855089188,
        "dmean2": 4.36235141754,
        "dvar": 6.0740737915,
        "dvar2": 14.5250282288,
        "max": 31.5225830078,
        "mean": 10.1717739105,
        "median": 9.20369815826,
        "min": 2.45078039169,
        "var": 20.0754947662
    },
    "erbbands_flatness_db": {
        "dmean": 0.0177053436637,
        "dmean2": 0.0250034537166,
        "dvar": 0.000291055359412,
        "dvar2": 0.000533462676685,
        "max": 0.332275390625,
        "mean": 0.190283998847,
        "median": 0.190097332001,
        "min": 0.0392954871058,
        "var": 0.00172962481156
    },
    "erbbands_kurtosis": {
        "dmean": 0.791265845299,
        "dmean2": 1.235871315,
        "dvar": 1.38930475712,
        "dvar2": 3.13071107864,
        "max": 27.6085472107,
        "mean": 0.1477612257,
        "median": -0.419706940651,
        "min": -1.78703093529,
        "var": 3.85413718224
    },
    "erbbands_skewness": {
        "dmean": 0.36505523324,
        "dmean2": 0.55018144846,
        "dvar": 0.111539438367,
        "dvar2": 0.237642303109,
        "max": 3.87299084663,
        "mean": 0.183206945658,
        "median": 0.222000047565,
        "min": -3.80418848991,
        "var": 0.656929790974
    },
    "erbbands_spread": {
        "dmean": 6.71393108368,
        "dmean2": 10.1452493668,
        "dvar": 51.6820297241,
        "dvar2": 114.851577759,
        "max": 139.999237061,
        "mean": 34.6496696472,
        "median": 33.1033096313,
        "min": 3.55446076393,
        "var": 226.075164795
    },
    "hfc": {
        "dmean": 3.41651415825,
        "dmean2": 4.59548711777,
        "dvar": 35.769695282,
        "dvar2": 58.88489151,
        "max": 151.583755493,
        "mean": 12.5055351257,
        "median": 5.91781949997,
        "min": 1.13791345811e-16,
        "var": 266.554931641
    },
    "melbands_crest": {
        "dmean": 3.23681139946,
        "dmean2": 5.14376688004,
        "dvar": 8.4990196228,
        "dvar2": 21.1705436707,
        "max": 39.6430015564,
        "mean": 14.2257013321,
        "median": 13.356470108,
        "min": 1.91714835167,
        "var": 29.2917385101
    },
    "melbands_flatness_db": {
        "dmean": 0.0225957147777,
        "dmean2": 0.0335239991546,
        "dvar": 0.000549577816855,
        "dvar2": 0.00115573278163,
        "max": 0.501222670078,
        "mean": 0.206906139851,
        "median": 0.208168417215,
        "min": 0.00378215452656,
        "var": 0.00331468367949
    },
    "melbands_kurtosis": {
        "dmean": 5.9979133606,
        "dmean2": 9.55991458893,
        "dvar": 668.588195801,
        "dvar2": 1764.80126953,
        "max": 1357.14135742,
        "mean": 10.9476394653,
        "median": 5.37976980209,
        "min": -1.83235168457,
        "var": 797.867431641
    },
    "melbands_skewness": {
        "dmean": 0.642015337944,
        "dmean2": 0.978452086449,
        "dvar": 0.840320408344,
        "dvar2": 2.16431260109,
        "max": 28.0355396271,
        "mean": 2.34000205994,
        "median": 2.05495595932,
        "min": -2.12774062157,
        "var": 2.90748715401
    },
    "melbands_spread": {
        "dmean": 6.98634576797,
        "dmean2": 10.6463785172,
        "dvar": 112.152038574,
        "dvar2": 227.517547607,
        "max": 185.055038452,
        "mean": 24.0932407379,
        "median": 18.1892337799,
        "min": 0.243777915835,
        "var": 428.750213623
    },
    "pitch_salience": {
        "dmean": 0.0682621076703,
        "dmean2": 0.109728306532,
        "dvar": 0.00355310062878,
        "dvar2": 0.00874316785485,
        "max": 0.853297293186,
        "mean": 0.556641757488,
        "median": 0.563397049904,
        "min": 0.0240963306278,
        "var": 0.0130084035918
    },
    "silence_rate_20dB": {
        "dmean": 0,
        "dmean2": 0,
        "dvar": 0,
        "dvar2": 0,
        "max": 1,
        "mean": 1,
        "median": 1,
        "min": 1,
        "var": 0
    },
    "silence_rate_30dB": {
        "dmean": 0,
        "dmean2": 0,
        "dvar": 0,
        "dvar2": 0,
        "max": 1,
        "mean": 1,
        "median": 1,
        "min": 1,
        "var": 0
    },
    "silence_rate_60dB": {
        "dmean": 0.0557481609285,
        "dmean2": 0.111511789262,
        "dvar": 0.0526433847845,
        "dvar2": 0.112112767994,
        "max": 1,
        "mean": 0.204520240426,
        "median": 0,
        "min": 0,
        "var": 0.162691563368
    },
    "spectral_centroid": {
        "dmean": 240.267669678,
        "dmean2": 360.171478271,
        "dvar": 90716.7265625,
        "dvar2": 164367.5,
        "max": 11120.4091797,
        "mean": 1322.73168945,
        "median": 1147.09143066,
        "min": 151.315063477,
        "var": 477706.53125
    },
    "spectral_complexity": {
        "dmean": 2.36444330215,
        "dmean2": 3.67961168289,
        "dvar": 6.99300384521,
        "dvar2": 15.4326610565,
        "max": 48,
        "mean": 12.3395729065,
        "median": 11,
        "min": 0,
        "var": 52.3967132568
    },
    "spectral_decrease": {
        "dmean": 9.48179978977e-10,
        "dmean2": 1.35515154653e-09,
        "dvar": 1.77237591028e-18,
        "dvar2": 3.24324758921e-18,
        "max": -1.08148838616e-28,
        "mean": -3.61216567768e-09,
        "median": -2.22328866428e-09,
        "min": -2.43237856523e-08,
        "var": 1.44059641356e-17
    },
    "spectral_energy": {
        "dmean": 0.00382634717971,
        "dmean2": 0.0054379766807,
        "dvar": 2.88290029857e-05,
        "dvar2": 5.21113688592e-05,
        "max": 0.100698247552,
        "mean": 0.0147673962638,
        "median": 0.00906915590167,
        "min": 1.07293871904e-20,
        "var": 0.000242415277171
    },
    "spectral_energyband_high": {
        "dmean": 0.00014872085012,
        "dmean2": 0.000211053484236,
        "dvar": 3.96831666194e-07,
        "dvar2": 6.76797014876e-07,
        "max": 0.0170595608652,
        "mean": 0.000335485296091,
        "median": 7.09866872057e-05,
        "min": 7.76969214563e-21,
        "var": 1.47932132677e-06
    },
    "spectral_energyband_low": {
        "dmean": 0.000897090241779,
        "dmean2": 0.00141319457907,
        "dvar": 2.39792734646e-06,
        "dvar2": 5.95844903728e-06,
        "max": 0.0245397053659,
        "mean": 0.00170883350074,
        "median": 0.00104777608067,
        "min": 4.42590915745e-23,
        "var": 4.20836113335e-06
    },
    "spectral_energyband_middle_high": {
        "dmean": 0.00131302280352,
        "dmean2": 0.00177789386362,
        "dvar": 6.9041821007e-06,
        "dvar2": 1.12831075967e-05,
        "max": 0.0749556347728,
        "mean": 0.00404733652249,
        "median": 0.00153004215099,
        "min": 1.7162426552e-21,
        "var": 4.91214050271e-05
    },
    "spectral_energyband_middle_low": {
        "dmean": 0.00296789500862,
        "dmean2": 0.0043223220855,
        "dvar": 2.02195897145e-05,
        "dvar2": 4.07674488088e-05,
        "max": 0.0807968303561,
        "mean": 0.00924985017627,
        "median": 0.00490033486858,
        "min": 3.70539074344e-22,
        "var": 0.000114664653665
    },
    "spectral_entropy": {
        "dmean": 0.148229673505,
        "dmean2": 0.213263377547,
        "dvar": 0.0210217367858,
        "dvar2": 0.0390907153487,
        "max": 9.78661727905,
        "mean": 7.2861790657,
        "median": 7.25454616547,
        "min": 5.57461452484,
        "var": 0.144068643451
    },
    "spectral_flux": {
        "dmean": 0.0178175512701,
        "dmean2": 0.0288383830339,
        "dvar": 0.000428732571891,
        "dvar2": 0.00111116841435,
        "max": 0.260246753693,
        "mean": 0.0573289729655,
        "median": 0.0495699867606,
        "min": 1.03582753486e-10,
        "var": 0.00150752975605
    },
    "spectral_kurtosis": {
        "dmean": 1.97100460529,
        "dmean2": 3.38416075706,
        "dvar": 3.77151584625,
        "dvar2": 10.836180687,
        "max": 25.2662239075,
        "mean": 5.28549194336,
        "median": 4.7816362381,
        "min": -1.18246817589,
        "var": 7.96214294434
    },
    "spectral_rms": {
        "dmean": 0.00048814911861,
        "dmean2": 0.000684807600919,
        "dvar": 3.04328693801e-07,
        "dvar2": 5.20634557688e-07,
        "max": 0.00991171970963,
        "mean": 0.00331341288984,
        "median": 0.00297455163673,
        "min": 3.23538179754e-12,
        "var": 3.42854832525e-06
    },
    "spectral_rolloff": {
        "dmean": 410.431945801,
        "dmean2": 665.76184082,
        "dvar": 420414.34375,
        "dvar2": 775725.8125,
        "max": 18023.2910156,
        "mean": 1469.86853027,
        "median": 1162.79296875,
        "min": 21.533203125,
        "var": 1487465.125
    },
    "spectral_skewness": {
        "dmean": 0.228087112308,
        "dmean2": 0.374533265829,
        "dvar": 0.0394324734807,
        "dvar2": 0.104177579284,
        "max": 3.55118441582,
        "mean": 1.51895391941,
        "median": 1.50211524963,
        "min": -0.0122004030272,
        "var": 0.169681727886
    },
    "spectral_spread": {
        "dmean": 393559.65625,
        "dmean2": 571388.9375,
        "dvar": 334983135232,
        "dvar2": 537157894144,
        "max": 39666568,
        "mean": 3522233.75,
        "median": 3279510.5,
        "min": 1918438.125,
        "var": 1.00880089088e+12
    },
    "spectral_strongpeak": {
        "dmean": 0.465291798115,
        "dmean2": 0.748646616936,
        "dvar": 0.553286194801,
        "dvar2": 1.29883170128,
        "max": 12.1053533554,
        "mean": 1.04871690273,
        "median": 0.482189208269,
        "min": 0,
        "var": 1.69692957401
    },
    "zerocrossingrate": {
        "dmean": 0.00834459159523,
        "dmean2": 0.00937425531447,
        "dvar": 0.000143449491588,
        "dvar2": 0.000124842190417,
        "max": 0.50537109375,
        "mean": 0.0533454716206,
        "median": 0.04541015625,
        "min": 0.00146484375,
        "var": 0.00110577105079
    },
    "barkbands": {
        "dmean": [4.67280697194e-05, 0.000213168765185, 0.000526475778315, 0.000504147086758, 0.000961211975664, 0.0006417001714, 0.00111255201045, 0.000921907951124, 0.00056812306866, 0.000388849526644, 0.000355711963493, 0.00038062929525, 0.000238395572524, 0.000211484235479, 0.000189988699276, 0.000171221108758, 0.000220608853851, 0.000124102080008, 0.000101673133031, 6.70997251291e-05, 5.24161696376e-05, 4.20147080149e-05, 2.98638569802e-05, 1.55102188728e-05, 4.74941180073e-06, 1.19390642794e-06, 7.18339833838e-07],
        "dmean2": [8.99854203453e-05, 0.000345394713804, 0.00082941231085, 0.000825828989036, 0.00150615209714, 0.000966457650065, 0.00165181560442, 0.00130959285889, 0.000809951568954, 0.00056013680296, 0.000542320311069, 0.000560968881473, 0.000366862106603, 0.000325547414832, 0.000288753595669, 0.000257585808868, 0.000348929053871, 0.000191683589946, 0.000156035253895, 0.000107008236228, 8.07131364127e-05, 5.91828829783e-05, 4.29371539212e-05, 2.18701115955e-05, 6.91342165737e-06, 1.74830995547e-06, 1.06645802589e-06],
        "dvar": [2.6793065544e-09, 1.55947503799e-07, 1.02176170458e-06, 7.90913588844e-07, 3.6095325413e-06, 1.91936010197e-06, 7.65570985095e-06, 6.65641164233e-06, 3.63708863915e-06, 1.8624959921e-06, 1.55061979967e-06, 1.8756497866e-06, 5.73365298351e-07, 6.06002913628e-07, 5.02850014072e-07, 3.85675463122e-07, 2.62448395461e-07, 1.05364343028e-07, 1.11499339539e-07, 6.5977545205e-08, 7.45477919395e-08, 3.83541198801e-08, 2.00421936825e-08, 4.16978140905e-09, 2.07953987363e-10, 1.37551194393e-11, 7.67110160116e-12],
        "dvar2": [9.65627044991e-09, 3.87200771002e-07, 2.55475606536e-06, 2.1630471565e-06, 7.90611466073e-06, 3.88372109228e-06, 1.60049821716e-05, 1.26020204334e-05, 6.91180457579e-06, 3.49444826497e-06, 3.2731563806e-06, 3.57020303454e-06, 1.24899543152e-06, 1.32479704007e-06, 9.78820821729e-07, 7.9018894894e-07, 6.71545535624e-07, 2.30181910865e-07, 2.3100416513e-07, 1.48322328641e-07, 1.71256971271e-07, 7.30050118136e-08, 3.69747894524e-08, 6.79087008848e-09, 3.91129184596e-10, 2.80101185302e-11, 1.50680752597e-11],
        "max": [0.000473413994769, 0.00580973969772, 0.0186350326985, 0.0158505383879, 0.0622220411897, 0.0252790488303, 0.0669072195888, 0.0572249144316, 0.0453967861831, 0.0513189099729, 0.0585532262921, 0.0651362463832, 0.0264188311994, 0.0279530826956, 0.0257160812616, 0.0217861700803, 0.0148171260953, 0.00912893656641, 0.0158673375845, 0.00832208432257, 0.010040464811, 0.00929238740355, 0.00443306751549, 0.00292725651525, 0.000591000309214, 0.000109107662865, 6.77811403875e-05],
        "mean": [4.25847465522e-05, 0.000363722763723, 0.000908488116693, 0.000807502365205, 0.00192077562679, 0.00115094298963, 0.00213133520447, 0.00184975098819, 0.00104807864409, 0.00070538779255, 0.000602086773142, 0.000722014461644, 0.000384655140806, 0.000316354795359, 0.000296853540931, 0.00029196208925, 0.000415687740315, 0.000231270751101, 0.000189869620954, 0.00012689216237, 9.29632296902e-05, 7.90687772678e-05, 5.15758802067e-05, 2.63838428509e-05, 8.18209264253e-06, 1.98610223379e-06, 1.06941604372e-06],
        "median": [2.21917634917e-05, 0.000142904202221, 0.00041380818584, 0.000315790210152, 0.000893906573765, 0.000344636122463, 0.000306938542053, 0.000166183075635, 0.000100817364, 0.000115294387797, 9.73920250544e-05, 8.4277082351e-05, 5.85476482229e-05, 5.6865184888e-05, 6.5293876105e-05, 6.38471392449e-05, 0.000157570262672, 6.49851281196e-05, 5.52088167751e-05, 3.87480831705e-05, 1.85083717952e-05, 1.30260214064e-05, 5.9456915551e-06, 3.06110246129e-06, 1.50698542711e-06, 3.05706606696e-07, 8.74179164612e-08],
        "min": [1.03870798449e-23, 1.30042584266e-23, 1.07906768612e-23, 1.35549559136e-23, 2.61809192486e-23, 7.22982436828e-23, 8.03850524598e-23, 7.59076672883e-23, 8.01569265078e-23, 4.34419137182e-23, 6.08684885142e-23, 9.84327889543e-23, 8.8654302676e-23, 1.1068797662e-22, 1.16149393195e-22, 2.56387064339e-22, 1.45893614508e-22, 3.62491759099e-22, 2.29799876991e-22, 4.65641595479e-22, 5.10511599871e-22, 6.04481973078e-22, 4.66678802419e-22, 7.68875335068e-22, 1.31990096301e-21, 2.08875867808e-21, 1.85135784228e-21],
        "var": [2.62992405631e-09, 2.72745040775e-07, 1.68814494828e-06, 1.53660334945e-06, 9.71815188677e-06, 5.46078035768e-06, 2.79949163087e-05, 2.5573941457e-05, 1.12036077553e-05, 6.01325746175e-06, 4.60109413325e-06, 9.2877089628e-06, 1.32751313231e-06, 1.20458525998e-06, 1.03101137938e-06, 8.54582935972e-07, 5.58476529022e-07, 3.26827972685e-07, 2.57013255123e-07, 1.37390344435e-07, 1.50050652792e-07, 1.42654769775e-07, 6.22708640208e-08, 1.43230227678e-08, 5.31886146238e-10, 3.50487763812e-11, 1.93942917281e-11]
    },
    "erbbands": {
        "dmean": [0.00160656508524, 0.0675405189395, 0.50426697731, 1.2107064724, 2.90612983704, 3.2326567173, 2.6375784874, 5.84746646881, 14.4219837189, 17.4003391266, 19.3790645599, 11.9552526474, 13.3590269089, 9.04913330078, 13.1964292526, 15.8869504929, 10.1349468231, 10.5594472885, 8.67605209351, 8.81985759735, 8.54144001007, 11.7053289413, 7.04347467422, 5.72757673264, 3.82267832756, 3.10614490509, 2.51083111763, 1.92819297314, 1.63259506226, 1.21246922016, 0.755406022072, 0.379711657763, 0.2286067307, 0.0776371285319, 0.0229076575488, 0.0065221847035, 0.00195303966757, 0.000618445745204, 0.00012612385035, 1.13508958748e-05],
        "dmean2": [0.00262949545868, 0.108968660235, 0.802380383015, 1.95217823982, 4.59061288834, 5.04408407211, 4.05137491226, 8.75166988373, 21.4110336304, 25.2131652832, 26.8100242615, 16.6474304199, 18.7734985352, 13.1034612656, 20.0154037476, 22.9898014069, 14.9342041016, 15.9923048019, 12.9890518188, 13.4491567612, 12.4076929092, 18.2576541901, 10.7712926865, 8.78917598724, 5.76951551437, 4.87931156158, 3.92074203491, 2.88056540489, 2.37650537491, 1.70177662373, 1.07943296432, 0.512243688107, 0.319549411535, 0.112080104649, 0.0334189608693, 0.00966141559184, 0.00286650354974, 0.000908857909963, 0.000189770755242, 1.6209865862e-05],
        "dvar": [5.91620755586e-06, 0.0161214042455, 0.964653551579, 4.699239254, 24.3923130035, 70.4220809937, 59.560710907, 168.078872681, 1336.18347168, 2509.37036133, 3288.25488281, 1772.83239746, 2236.42895508, 760.09576416, 2664.6262207, 3418.91870117, 902.857299805, 1520.48522949, 1103.04724121, 934.813476562, 762.457275391, 770.324157715, 300.461578369, 377.357025146, 208.30682373, 139.321029663, 165.924468994, 116.750846863, 66.4927139282, 31.4146347046, 14.6592674255, 3.60628914833, 0.601628541946, 0.0626461654902, 0.00442552845925, 0.000293243501801, 5.07223157911e-05, 5.9034714468e-06, 2.41183727212e-07, 1.0103641257e-09],
        "dvar2": [1.47801765706e-05, 0.039602342993, 2.39551067352, 12.7838668823, 56.3190460205, 154.636108398, 124.601585388, 334.229125977, 2771.921875, 5015.3203125, 6006.85986328, 3371.67480469, 4182.28417969, 1504.18969727, 5400.24023438, 6134.27978516, 1807.01037598, 3208.42211914, 2104.109375, 1915.26098633, 1506.43725586, 1914.72546387, 637.362121582, 711.252929688, 460.476776123, 318.525177002, 353.215698242, 261.479614258, 141.44619751, 54.1895561218, 27.4906692505, 5.36891222, 1.04118645191, 0.115660689771, 0.00894622318447, 0.000600051018409, 0.000107371044578, 1.22072406157e-05, 5.0796791129e-07, 1.92620475126e-09],
        "max": [0.0348587036133, 1.84181511402, 17.8868980408, 33.0785865784, 105.440429688, 309.705596924, 244.6902771, 293.008636475, 732.427612305, 1184.82006836, 1564.98596191, 1289.51806641, 1715.55944824, 900.775817871, 2802.26806641, 2633.12963867, 1088.12683105, 1242.54956055, 1325.88659668, 1244.63110352, 1047.59924316, 969.464538574, 577.11328125, 1105.89953613, 765.638061523, 397.437103271, 424.183288574, 556.174194336, 395.52557373, 280.230072021, 115.313247681, 93.0437393188, 32.8812866211, 9.37497520447, 2.62554836273, 0.348452210426, 0.240959867835, 0.0699002146721, 0.0105545921251, 0.000901028688531],
        "mean": [0.00316870235838, 0.117110580206, 0.870645523071, 2.16285443306, 5.34062480927, 6.09179449081, 5.36800336838, 10.6940832138, 27.356546402, 34.6157951355, 40.8261528015, 24.5974617004, 25.6848888397, 18.7351722717, 24.4898452759, 31.3374423981, 19.1891117096, 17.4431056976, 15.2160453796, 15.7385578156, 16.9441795349, 23.1794109344, 14.6478948593, 11.4221849442, 7.33316659927, 6.01691293716, 4.40101385117, 3.56630587578, 2.98417139053, 2.15649390221, 1.32981801033, 0.696170091629, 0.373506963253, 0.132655203342, 0.0385258495808, 0.0109619190916, 0.0032168335747, 0.000928161724005, 0.000188743360923, 2.96674716083e-05],
        "median": [0.00190153100993, 0.0535923838615, 0.463566124439, 0.933340191841, 2.53733992577, 2.10299253464, 1.71307468414, 3.23596715927, 4.99989509583, 5.12109041214, 4.68251991272, 2.74612951279, 3.96661996841, 3.14239120483, 4.08038330078, 3.97252202034, 3.10253953934, 3.3662147522, 3.28502035141, 4.15580368042, 5.37252044678, 8.75977039337, 4.75945806503, 3.25710844994, 2.31706857681, 1.75848865509, 0.918525755405, 0.720754742622, 0.49432554841, 0.305997312069, 0.154119729996, 0.0765164494514, 0.0464190915227, 0.0229085274041, 0.00678019644693, 0.00192962097935, 0.000460708397441, 9.86879313132e-05, 2.25430630962e-05, 1.36703984026e-05],
        "min": [2.79948357959e-22, 3.37569863433e-21, 9.18957997882e-21, 4.50383913846e-20, 2.8626061744e-20, 1.57868337559e-19, 3.42638759988e-19, 6.38267398198e-19, 5.18796047966e-19, 1.51801394281e-18, 2.23043668706e-18, 1.55922863042e-18, 1.97664009754e-18, 1.67932781074e-18, 3.17638141042e-18, 3.4731142572e-18, 4.36707233342e-18, 5.25273792401e-18, 6.26814183058e-18, 8.19682137582e-18, 1.53083685531e-17, 8.34610845123e-18, 1.97400002654e-17, 1.37776145813e-17, 1.33299874472e-17, 2.04082066904e-17, 2.34103296834e-17, 1.91373214341e-17, 1.89325280581e-17, 2.17470514513e-17, 1.43358688505e-17, 1.70853659214e-17, 1.23527794325e-17, 1.31448404378e-17, 9.30717734491e-18, 7.07532411106e-18, 3.24298930206e-18, 1.56389062035e-18, 2.80905443692e-19, 2.69493246371e-20],
        "var": [1.2514795344e-05, 0.026804825291, 1.40333521366, 9.40966892242, 67.2696533203, 183.35774231, 187.173599243, 479.496337891, 4286.25732422, 9258.63183594, 12137.0234375, 6178.33935547, 8037.59277344, 2922.25024414, 8297.99023438, 16431.4980469, 3012.23339844, 3097.11230469, 2622.36303711, 2022.3951416, 1956.27624512, 1792.23291016, 973.117858887, 979.220092773, 375.5753479, 301.256439209, 334.732666016, 249.33706665, 200.064208984, 118.962417603, 42.9004020691, 13.3813753128, 1.96979963779, 0.167453587055, 0.0103517593816, 0.000775804859586, 0.000115988950711, 1.33274870677e-05, 5.38027336461e-07, 3.31757887828e-09]
    },
    "gfcc": {
        "mean": [-67.0079040527, 108.85459137, -139.43522644, 31.8216075897, -57.7169876099, -4.03263759613, -38.0380706787, -1.15772783756, -20.7511749268, -9.91407108307, -14.7836446762, -6.10500335693, -11.7247447968],
        "cov": [[7779.42529297, -549.519042969, -470.266723633, -620.663085938, -673.065795898, -159.958953857, -249.299468994, 37.956653595, -17.2395076752, 11.4678792953, -112.779014587, -90.0082550049, -266.196411133], [-549.519042969, 1181.1517334, -106.737106323, -98.4606704712, 153.111724854, -123.968025208, 42.4034919739, -12.1435451508, 75.780632019, -94.6249771118, 24.4089050293, -101.215644836, -0.159555763006], [-470.266723633, -106.737106323, 506.116149902, 293.073059082, 52.0978317261, 124.020477295, -21.6247406006, -20.0816135406, -11.0391597748, 3.86301517487, -20.7951450348, 2.78127121925, 28.4708709717], [-620.663085938, -98.4606704712, 293.073059082, 511.314483643, 193.694564819, 58.8384056091, -0.723763883114, -35.2721405029, -7.23451042175, -8.39213657379, -30.9292297363, 23.9113788605, 56.6575889587], [-673.065795898, 153.111724854, 52.0978317261, 193.694564819, 262.560760498, 32.5851707458, 39.062046051, 11.6450881958, 4.86205482483, -20.5999469757, -7.78831624985, 2.91236901283, 17.6077461243], [-159.958953857, -123.968025208, 124.020477295, 58.8384056091, 32.5851707458, 188.682739258, 109.874572754, 24.9616260529, -41.7061576843, -4.82451438904, -0.616720080376, 9.3280582428, -6.713306427], [-249.299468994, 42.4034919739, -21.6247406006, -0.723763883114, 39.062046051, 109.874572754, 249.971221924, 54.5752983093, -60.0755271912, -43.0644111633, 8.70441055298, 6.84108161926, -10.4019670486], [37.956653595, -12.1435451508, -20.0816135406, -35.2721405029, 11.6450881958, 24.9616260529, 54.5752983093, 96.2587814331, 19.4318790436, -2.86195707321, -6.47049093246, -4.12018108368, -2.74710083008], [-17.2395076752, 75.780632019, -11.0391597748, -7.23451042175, 4.86205482483, -41.7061576843, -60.0755271912, 19.4318790436, 128.986083984, 47.1081504822, -4.44905185699, -28.0189552307, -2.28587532043], [11.4678792953, -94.6249771118, 3.86301517487, -8.39213657379, -20.5999469757, -4.82451438904, -43.0644111633, -2.86195707321, 47.1081504822, 108.048339844, 30.4178256989, -8.83349609375, -12.9948549271], [-112.779014587, 24.4089050293, -20.7951450348, -30.9292297363, -7.78831624985, -0.616720080376, 8.70441055298, -6.47049093246, -4.44905185699, 30.4178256989, 74.9013748169, 27.1910858154, -8.66378974915], [-90.0082550049, -101.215644836, 2.78127121925, 23.9113788605, 2.91236901283, 9.3280582428, 6.84108161926, -4.12018108368, -28.0189552307, -8.83349609375, 27.1910858154, 90.8639068604, 31.8742218018], [-266.196411133, -0.159555763006, 28.4708709717, 56.6575889587, 17.6077461243, -6.713306427, -10.4019670486, -2.74710083008, -2.28587532043, -12.9948549271, -8.66378974915, 31.8742218018, 78.099899292]],
        "icov": [[0.000224806441111, -3.34985852533e-05, 0.000241924280999, -0.000154902067152, 0.000598957878537, -0.000123340301798, 0.00035506504355, -0.000329592439812, 0.000192944164155, 1.86853339983e-05, 0.000524045433849, -0.000218399756704, 0.000836427963804], [-3.34985852533e-05, 0.00197957619093, -0.000563871348277, 0.00113558059093, -0.00182168139145, 0.00152167899068, -0.00108095048927, 0.00134658219758, -0.00180319871288, 0.00282718474045, -0.0028198317159, 0.00298807094805, -0.00139816070441], [0.000241924280999, -0.000563871348277, 0.00453121308237, -0.00300968112424, 0.00236951443367, -0.00368434074335, 0.00235731247813, -0.00105574645568, 0.000621393672191, -3.02602875308e-05, 0.000526589283254, 8.61793669173e-05, 0.000817288993858], [-0.000154902067152, 0.00113558059093, -0.00300968112424, 0.00569026125595, -0.00454195635393, 0.00182872451842, -0.00165422493592, 0.00287256902084, -0.00113261991646, 0.000348181376467, 0.00021166834631, 0.000464789947728, -0.00263601401821], [0.000598957878537, -0.00182168139145, 0.00236951443367, -0.00454195635393, 0.00927485059947, -0.00254582124762, 0.00172189890873, -0.00317181204446, 0.00114583200775, -0.00077002751641, 0.00231638737023, -0.00220922660083, 0.00334085687064], [-0.000123340301798, 0.00152167899068, -0.00368434074335, 0.00182872451842, -0.00254582124762, 0.0116918580607, -0.00551738403738, 0.000439450523118, 0.000458601658465, -0.000538914289791, -0.000455805595266, 0.000735287496354, 3.18509410135e-05], [0.00035506504355, -0.00108095048927, 0.00235731247813, -0.00165422493592, 0.00172189890873, -0.00551738403738, 0.00913850497454, -0.00499184895307, 0.00344995828345, 0.00124346953817, -0.00044108837028, -0.000318134640111, 0.0021165786311], [-0.000329592439812, 0.00134658219758, -0.00105574645568, 0.00287256902084, -0.00317181204446, 0.000439450523118, -0.00499184895307, 0.0157702378929, -0.00562167912722, 0.0015411877539, 2.00137928914e-05, 0.000861698237713, -0.00243452005088], [0.000192944164155, -0.00180319871288, 0.000621393672191, -0.00113261991646, 0.00114583200775, 0.000458601658465, 0.00344995828345, -0.00562167912722, 0.0142606180161, -0.00739736575633, 0.00371789350174, 0.000135664406116, 0.000835553277284], [1.86853339983e-05, 0.00282718474045, -3.02602875308e-05, 0.000348181376467, -0.00077002751641, -0.000538914289791, 0.00124346953817, 0.0015411877539, -0.00739736575633, 0.01898993738, -0.0114055201411, 0.00637408718467, -0.000748447841033], [0.000524045433849, -0.0028198317159, 0.000526589283254, 0.00021166834631, 0.00231638737023, -0.000455805595266, -0.00044108837028, 2.00137928914e-05, 0.00371789350174, -0.0114055201411, 0.0259646289051, -0.0129410075024, 0.00718831503764], [-0.000218399756704, 0.00298807094805, 8.61793669173e-05, 0.000464789947728, -0.00220922660083, 0.000735287496354, -0.000318134640111, 0.000861698237713, 0.000135664406116, 0.00637408718467, -0.0129410075024, 0.0220706555992, -0.00993620976806], [0.000836427963804, -0.00139816070441, 0.000817288993858, -0.00263601401821, 0.00334085687064, 3.18509410135e-05, 0.0021165786311, -0.00243452005088, 0.000835553277284, -0.000748447841033, 0.00718831503764, -0.00993620976806, 0.0214648284018]]
    },
    "melbands": {
        "dmean": [3.48449430021e-05, 0.000204173949896, 0.000238976426772, 0.000230516103329, 9.62220510701e-05, 0.000139983894769, 0.000218947738176, 0.00018806339358, 0.00015797688684, 7.34800487407e-05, 6.79937293171e-05, 3.71903770429e-05, 4.60800220026e-05, 3.99855489377e-05, 3.9217495214e-05, 2.15240906982e-05, 2.15463751374e-05, 1.46394513649e-05, 1.47085866047e-05, 1.33613029902e-05, 1.0531274711e-05, 1.3737628251e-05, 8.51225740917e-06, 6.17075374976e-06, 5.18638671565e-06, 3.12659472002e-06, 2.48640685641e-06, 2.24060659093e-06, 1.91346384781e-06, 1.18291995932e-06, 1.16412718398e-06, 1.01437706235e-06, 7.65912659517e-07, 7.01480416865e-07, 4.87252350467e-07, 3.35113554684e-07, 2.1599798572e-07, 1.94280531218e-07, 9.99468099394e-08, 5.7098986872e-08],
        "dmean2": [5.66797716601e-05, 0.000323193584336, 0.000383062026231, 0.000365103478543, 0.000148002858623, 0.000207716730074, 0.000324470747728, 0.000271321157925, 0.000217138178414, 0.000103240847238, 9.58694145083e-05, 5.43878777535e-05, 6.96083297953e-05, 5.94003504375e-05, 5.77138343942e-05, 3.22577907355e-05, 3.30093826051e-05, 2.22539438255e-05, 2.23786246352e-05, 2.02455830731e-05, 1.55538637046e-05, 2.17381602852e-05, 1.30888656713e-05, 9.78598018264e-06, 8.0620375229e-06, 4.72791907669e-06, 3.89412753066e-06, 3.54127769242e-06, 3.02644184558e-06, 1.86942463642e-06, 1.75699597094e-06, 1.48655078647e-06, 1.11691224447e-06, 1.00983288576e-06, 7.22511742879e-07, 4.6952447974e-07, 3.01347739651e-07, 2.76559518397e-07, 1.45251163985e-07, 8.45872207833e-08],
        "dvar": [3.64929553243e-09, 1.498469544e-07, 1.36402249495e-07, 2.1975473885e-07, 6.57424337192e-08, 9.34819581744e-08, 2.89696885147e-07, 2.73107872317e-07, 2.21570246595e-07, 7.19145774042e-08, 5.75407703707e-08, 1.32068613823e-08, 2.97478806033e-08, 2.34738468663e-08, 2.08189874229e-08, 5.06227415542e-09, 6.89416657096e-09, 2.91581780942e-09, 2.54121590437e-09, 2.57994670072e-09, 1.09637432466e-09, 1.00267105729e-09, 4.0747222263e-10, 3.72781416846e-10, 3.52590290298e-10, 1.3317152936e-10, 6.28155097382e-11, 7.76469652464e-11, 1.13479267649e-10, 2.92091559273e-11, 4.77484163319e-11, 2.54638914121e-11, 1.43320043333e-11, 1.03333166676e-11, 6.36818158969e-12, 3.33578412288e-12, 1.21976083747e-12, 4.51131645061e-13, 1.23258323578e-13, 3.37284284432e-14],
        "dvar2": [9.093569453e-09, 3.67976213056e-07, 3.61722072739e-07, 4.82932080104e-07, 1.3786113584e-07, 1.840506485e-07, 6.04104855029e-07, 5.40177381936e-07, 4.00614226237e-07, 1.36496623782e-07, 1.05584852861e-07, 2.51546712349e-08, 6.1989183564e-08, 4.70499763594e-08, 3.61671297355e-08, 1.1159760227e-08, 1.45577994104e-08, 5.8969495953e-09, 5.0329260759e-09, 5.68501956622e-09, 2.17971551919e-09, 2.54707410718e-09, 9.21557885558e-10, 9.01269059383e-10, 6.92035984073e-10, 2.87063040005e-10, 1.45046655242e-10, 1.73798267444e-10, 2.48670084524e-10, 6.76170230918e-11, 1.07223868673e-10, 5.58433681241e-11, 2.62958821384e-11, 1.96628043708e-11, 1.31540507653e-11, 5.84152821601e-12, 1.94595012847e-12, 8.43923997525e-13, 2.36251746248e-13, 6.71357433079e-14],
        "max": [0.000870542193297, 0.00686928629875, 0.00554142426699, 0.0159092247486, 0.00755439884961, 0.00570680014789, 0.011515009217, 0.0138973994181, 0.0131640452892, 0.00766807748005, 0.00889426190406, 0.00373019697145, 0.0087194731459, 0.00704410625622, 0.00772974221036, 0.001744187437, 0.0028964211233, 0.00194908340927, 0.00151440373156, 0.00145118497312, 0.00166988407727, 0.000950463931076, 0.000476233864902, 0.000683167309035, 0.00110068672802, 0.000541444635019, 0.000307283655275, 0.000330685870722, 0.000381906313123, 0.000183495722013, 0.000354951742338, 0.000244183669565, 0.000190003047464, 0.00015880142746, 7.84242147347e-05, 7.20687312423e-05, 6.71261150273e-05, 2.9853938031e-05, 1.16169994726e-05, 7.0985529419e-06],
        "mean": [6.38585406705e-05, 0.000360379868653, 0.000457105663372, 0.000442836462753, 0.000198249399546, 0.000255296414252, 0.000426387763582, 0.000374274299247, 0.000322679552482, 0.000143574288813, 0.000125719088828, 7.23295743228e-05, 8.11018398963e-05, 7.68412064645e-05, 6.85435152263e-05, 3.51566195604e-05, 3.23746389768e-05, 2.35127663473e-05, 2.30953846767e-05, 2.17594006244e-05, 1.92178304133e-05, 2.56485927821e-05, 1.61179450515e-05, 1.11080253191e-05, 9.34237232286e-06, 5.58125884709e-06, 4.37031940237e-06, 4.0320583139e-06, 3.06399533656e-06, 2.0629267965e-06, 2.0333457087e-06, 1.73491173427e-06, 1.38984160003e-06, 1.12940995223e-06, 7.95499431661e-07, 5.81687743306e-07, 3.64286904642e-07, 2.93715231692e-07, 1.65992119605e-07, 9.14879549896e-08],
        "median": [3.04547320411e-05, 0.000203716888791, 0.000264280592091, 0.000200875947485, 5.66235539736e-05, 7.109651051e-05, 7.34073255444e-05, 4.52147469332e-05, 3.05668036162e-05, 1.41988493851e-05, 1.79852140718e-05, 1.16805831567e-05, 1.31679489641e-05, 8.87777878233e-06, 9.34475610848e-06, 4.6879713409e-06, 5.80701816943e-06, 4.43432145403e-06, 5.04027002535e-06, 5.22743630427e-06, 5.58597548661e-06, 9.50835601543e-06, 4.82994619233e-06, 2.96048983728e-06, 2.37442827711e-06, 1.360835995e-06, 1.40267479765e-06, 9.44897806221e-07, 5.64439176287e-07, 4.6152217692e-07, 3.58636071951e-07, 2.80705904743e-07, 1.94359770944e-07, 1.40734968568e-07, 9.15258482337e-08, 5.86853694529e-08, 3.96005148673e-08, 3.23445270567e-08, 2.6280552845e-08, 1.617800649e-08],
        "min": [4.34621890212e-24, 5.17839458193e-24, 6.27844060388e-24, 6.21732676069e-24, 1.07864178012e-23, 1.42002946212e-23, 1.01198689905e-23, 1.52568444306e-23, 1.84578779009e-23, 1.02598066042e-23, 1.00363948849e-23, 6.04477053742e-24, 9.89861796124e-24, 1.08115106777e-23, 7.79715482975e-24, 9.88467090044e-24, 1.0337193859e-23, 1.02376861555e-23, 9.11172605284e-24, 1.20174596985e-23, 1.99081245222e-23, 8.5559475127e-24, 1.08042681458e-23, 2.05560428049e-23, 9.84900097689e-24, 8.35830866809e-24, 1.15157623066e-23, 1.36877196263e-23, 1.46124066022e-23, 1.2407308447e-23, 1.0378844137e-23, 9.58234311396e-24, 1.36150418711e-23, 1.11642845414e-23, 7.90979943385e-24, 7.85545007292e-24, 1.14381738922e-23, 8.32818601443e-24, 9.93909678087e-24, 1.11432014448e-23],
        "var": [6.72788624811e-09, 2.25594206427e-07, 3.10919745061e-07, 5.4935424032e-07, 2.13481726519e-07, 2.74822383517e-07, 1.01300383903e-06, 1.08991810066e-06, 8.09494338228e-07, 2.44063926402e-07, 2.03671376653e-07, 5.06880049045e-08, 9.12029278766e-08, 9.86398731584e-08, 8.61207425373e-08, 1.15598606243e-08, 1.34416069386e-08, 6.81248346623e-09, 5.23261300955e-09, 4.83079354296e-09, 2.62491894887e-09, 2.15772621992e-09, 1.08752529204e-09, 1.09606379528e-09, 7.99441624011e-10, 2.70990285767e-10, 1.11070333486e-10, 1.71816963435e-10, 2.00409813744e-10, 5.73797814818e-11, 1.01237962458e-10, 6.946251907e-11, 5.23843711464e-11, 3.32649914558e-11, 1.57099073333e-11, 1.02844148128e-11, 3.86868618737e-12, 1.24429080321e-12, 3.30860339126e-13, 7.53896795794e-14]
    },
    "mfcc": {
        "mean": [-701.138671875, 132.617752075, -18.7890758514, 28.8351097107, -0.89097058773, -1.18670296669, -8.58280467987, 2.14052414894, -3.79488015175, -6.01717472076, -5.06659698486, -0.700220167637, -1.62206530571],
        "cov": [[6554.13623047, -166.331832886, -342.458404541, -535.251220703, -516.054504395, -327.695983887, -297.701019287, -119.344802856, -129.885116577, -82.6365127563, 152.581268311, 144.397979736, -86.3136825562], [-166.331832886, 1135.91442871, -237.240112305, -29.1492576599, -14.3668136597, -109.056175232, -27.0936660767, 13.9748029709, 6.91945552826, -24.5806732178, 43.6495933533, 12.6624450684, -8.73484039307], [-342.458404541, -237.240112305, 482.812683105, 116.92199707, 93.9875640869, 122.912971497, 36.7322311401, 4.1377696991, 28.5482444763, 3.69216609001, -57.3165893555, 8.91394519806, 27.1414432526], [-535.251220703, -29.1492576599, 116.92199707, 386.754180908, 196.680953979, 100.397003174, 7.00422906876, 15.5502929688, 43.1486549377, 1.07595670223, -69.907409668, -34.2316627502, 40.2645530701], [-516.054504395, -14.3668136597, 93.9875640869, 196.680953979, 280.088592529, 67.5980911255, -42.7769393921, -24.8133335114, 35.8630599976, 13.9007062912, -24.9650535583, -22.5037021637, 26.773109436], [-327.695983887, -109.056175232, 122.912971497, 100.397003174, 67.5980911255, 171.741134644, 90.4657058716, 37.6230545044, 15.501657486, 14.3258008957, -17.781999588, 2.59283590317, 6.67766141891], [-297.701019287, -27.0936660767, 36.7322311401, 7.00422906876, -42.7769393921, 90.4657058716, 236.386077881, 118.775306702, 4.80343484879, 9.83078765869, -10.6011619568, -5.67097854614, -10.8107662201], [-119.344802856, 13.9748029709, 4.1377696991, 15.5502929688, -24.8133335114, 37.6230545044, 118.775306702, 157.533843994, 35.8788795471, -4.25087928772, -21.7306480408, -11.094086647, 2.13498687744], [-129.885116577, 6.91945552826, 28.5482444763, 43.1486549377, 35.8630599976, 15.501657486, 4.80343484879, 35.8788795471, 101.534317017, 37.1052589417, -6.9783654213, -16.4747009277, -0.215035423636], [-82.6365127563, -24.5806732178, 3.69216609001, 1.07595670223, 13.9007062912, 14.3258008957, 9.83078765869, -4.25087928772, 37.1052589417, 111.752723694, 41.9211883545, -14.9630451202, -20.1878356934], [152.581268311, 43.6495933533, -57.3165893555, -69.907409668, -24.9650535583, -17.781999588, -10.6011619568, -21.7306480408, -6.9783654213, 41.9211883545, 122.49092865, 37.931968689, -33.5534095764], [144.397979736, 12.6624450684, 8.91394519806, -34.2316627502, -22.5037021637, 2.59283590317, -5.67097854614, -11.094086647, -16.4747009277, -14.9630451202, 37.931968689, 111.75177002, 32.1655693054], [-86.3136825562, -8.73484039307, 27.1414432526, 40.2645530701, 26.773109436, 6.67766141891, -10.8107662201, 2.13498687744, -0.215035423636, -20.1878356934, -33.5534095764, 32.1655693054, 113.980552673]],
