{
"lowlevel": {
    "average_loudness": 0.822352290154,
    "barkbands_crest": {
        "dmean": 2.37420773506,
        "dmean2": 3.90876722336,
        "dvar": 7.83428573608,
        "dvar2": 19.9348373413,
        "max": 26.9754943848,
        "mean": 9.83371257782,
        "median": 8.37901973724,
        "min": 2.0969004631,
        "var": 25.0821552277
    },
    "barkbands_flatness_db": {
        "dmean": 0.0220240540802,
        "dmean2": 0.0330334939063,
        "dvar": 0.000760484137572,
        "dvar2": 0.00159515917767,
        "max": 0.59506881237,
        "mean": 0.117750287056,
        "median": 0.101691439748,
        "min": 0.0187194440514,
        "var": 0.00438060099259
    },
    "barkbands_kurtosis": {
        "dmean": 5.60960149765,
        "dmean2": 9.23086071014,
        "dvar": 2519.75854492,
        "dvar2": 6159.72509766,
        "max": 1935.98205566,
        "mean": 6.12055015564,
        "median": 0.0467764139175,
        "min": -1.8579710722,
        "var": 3262.27368164
    },
    "barkbands_skewness": {
        "dmean": 0.621949911118,
        "dmean2": 0.979673981667,
        "dvar": 1.45891928673,
        "dvar2": 3.80168056488,
        "max": 17.8632545471,
        "mean": 1.07567191124,
        "median": 1.01900660992,
        "min": -16.1644210815,
        "var": 2.43269658089
    },
    "barkbands_spread": {
        "dmean": 6.9508023262,
        "dmean2": 10.8146438599,
        "dvar": 68.0916137695,
        "dvar2": 152.484146118,
        "max": 106.870796204,
        "mean": 34.3480262756,
        "median": 34.5627212524,
        "min": 0.0275634285063,
        "var": 268.922546387
    },
    "dissonance": {
        "dmean": 0.0112033355981,
        "dmean2": 0.0193526372313,
        "dvar": 0.000572700577322,
        "dvar2": 0.00161195383407,
        "max": 0.500000059605,
        "mean": 0.484304994345,
        "median": 0.491923362017,
        "min": 0.0688014626503,
        "var": 0.000781306996942
    },
    "dynamic_complexity": 4.78214597702,
    "erbbands_crest": {
        "dmean": 1.78769767284,
        "dmean2": 3.00097751617,
        "dvar": 4.47257375717,
        "dvar2": 10.1407318115,
        "max": 32.1355438232,
        "mean": 8.7615776062,
        "median": 6.6110534668,
        "min": 2.25695157051,
        "var": 42.8727836609
    },
    "erbbands_flatness_db": {
        "dmean": 0.0158227719367,
        "dmean2": 0.0232036560774,
        "dvar": 0.000441217067419,
        "dvar2": 0.000841607281473,
        "max": 0.630172491074,
        "mean": 0.152860254049,
        "median": 0.126445606351,
        "min": 0.0504085198045,
        "var": 0.00523980986327
    },
    "erbbands_kurtosis": {
        "dmean": 1.70368278027,
        "dmean2": 2.68597197533,
        "dvar": 44.0388412476,
        "dvar2": 95.2933120728,
        "max": 222.76902771,
        "mean": 3.3651778698,
        "median": 0.897845864296,
        "min": -1.6750715971,
        "var": 222.906814575
    },
    "erbbands_skewness": {
        "dmean": 0.345864415169,
        "dmean2": 0.546414375305,
        "dvar": 0.343656003475,
        "dvar2": 0.695573508739,
        "max": 10.3024024963,
        "mean": -0.52540564537,
        "median": -0.971330046654,
        "min": -5.75941324234,
        "var": 1.74428570271
    },
    "erbbands_spread": {
        "dmean": 7.94236421585,
        "dmean2": 12.9393749237,
        "dvar": 90.9365539551,
        "dvar2": 226.503463745,
        "max": 120.48109436,
        "mean": 37.3231430054,
        "median": 37.0567817688,
        "min": 0.213430389762,
        "var": 294.97052002
    },
    "hfc": {
        "dmean": 3.94457840919,
        "dmean2": 6.17490911484,
        "dvar": 30.5946159363,
        "dvar2": 68.0937194824,
        "max": 88.061668396,
        "mean": 23.3009929657,
        "median": 22.5657043457,
        "min": 1.21704129081e-16,
        "var": 296.405487061
    },
    "melbands_crest": {
        "dmean": 2.74475979805,
        "dmean2": 4.43511629105,
        "dvar": 8.37642383575,
        "dvar2": 21.0144481659,
        "max": 35.7807807922,
        "mean": 15.3909311295,
        "median": 15.3638658524,
        "min": 1.61437809467,
        "var": 36.1238632202
    },
    "melbands_flatness_db": {
        "dmean": 0.0281623918563,
        "dmean2": 0.0423355512321,
        "dvar": 0.00131039461121,
        "dvar2": 0.00277479109354,
        "max": 0.656115949154,
        "mean": 0.176269888878,
        "median": 0.162704825401,
        "min": 0.00441448204219,
        "var": 0.00513743702322
    },
    "melbands_kurtosis": {
        "dmean": 8.92506122589,
        "dmean2": 14.5686435699,
        "dvar": 387.832580566,
        "dvar2": 920.547912598,
        "max": 522.35559082,
        "mean": 14.393321991,
        "median": 7.69531488419,
        "min": -1.75689089298,
        "var": 752.381652832
    },
    "melbands_skewness": {
        "dmean": 0.883590757847,
        "dmean2": 1.38777899742,
        "dvar": 1.52464950085,
        "dvar2": 3.63956093788,
        "max": 19.0379104614,
        "mean": 2.67290139198,
        "median": 2.712059021,
        "min": -10.3645982742,
        "var": 4.48800373077
    },
    "melbands_spread": {
        "dmean": 9.10324668884,
        "dmean2": 14.1376371384,
        "dvar": 134.533401489,
        "dvar2": 300.42855835,
        "max": 172.459075928,
        "mean": 33.844493866,
        "median": 32.0766601562,
        "min": 0.17265830934,
        "var": 426.763885498
    },
    "pitch_salience": {
        "dmean": 0.0715465992689,
        "dmean2": 0.118834666908,
        "dvar": 0.00623563490808,
        "dvar2": 0.0164081845433,
        "max": 0.907130420208,
        "mean": 0.577610909939,
        "median": 0.603469133377,
        "min": 0.0156638268381,
        "var": 0.0203906428069
    },
    "silence_rate_20dB": {
        "dmean": 0,
        "dmean2": 0,
        "dvar": 0,
        "dvar2": 0,
        "max": 1,
        "mean": 1,
        "median": 1,
        "min": 1,
        "var": 0
    },
    "silence_rate_30dB": {
        "dmean": 0.00434048706666,
        "dmean2": 0.00868306774646,
        "dvar": 0.00432181265205,
        "dvar2": 0.0115026598796,
        "max": 1,
        "mean": 0.997107028961,
        "median": 1,
        "min": 0,
        "var": 0.00288471742533
    },
    "silence_rate_60dB": {
        "dmean": 0.0419580414891,
        "dmean2": 0.0839363262057,
        "dvar": 0.0401961915195,
        "dvar2": 0.0826814547181,
        "max": 1,
        "mean": 0.160318225622,
        "median": 0,
        "min": 0,
        "var": 0.134612679482
    },
    "spectral_centroid": {
        "dmean": 263.114624023,
        "dmean2": 407.784484863,
        "dvar": 121924.703125,
        "dvar2": 234823.625,
        "max": 11385.6113281,
        "mean": 2138.24047852,
        "median": 2254.03564453,
        "min": 173.030838013,
        "var": 422992.25
    },
    "spectral_complexity": {
        "dmean": 4.02073764801,
        "dmean2": 6.22045326233,
        "dvar": 17.7487163544,
        "dvar2": 34.8532981873,
        "max": 56,
        "mean": 25.5395374298,
        "median": 30,
        "min": 0,
        "var": 202.856552124
    },
    "spectral_decrease": {
        "dmean": 2.50253928691e-09,
        "dmean2": 4.15035694701e-09,
        "dvar": 2.42219956964e-17,
        "dvar2": 6.5843662786e-17,
        "max": 2.00818811987e-19,
        "mean": -6.49342046799e-09,
        "median": -5.7214686322e-09,
        "min": -4.77019632683e-08,
        "var": 3.73440911489e-17
    },
    "spectral_energy": {
        "dmean": 0.00970100797713,
        "dmean2": 0.0160534419119,
        "dvar": 0.00035462519736,
        "dvar2": 0.000962340971455,
        "max": 0.186594441533,
        "mean": 0.0266211573035,
        "median": 0.0240471549332,
        "min": 1.07350441688e-20,
        "var": 0.000586191890761
    },
    "spectral_energyband_high": {
        "dmean": 0.000271478900686,
        "dmean2": 0.000425106729381,
        "dvar": 1.21009890108e-07,
        "dvar2": 2.6913986062e-07,
        "max": 0.00434113945812,
        "mean": 0.00118507479783,
        "median": 0.00102404423524,
        "min": 8.20902360171e-21,
        "var": 9.44109388001e-07
    },
    "spectral_energyband_low": {
        "dmean": 0.00767126120627,
        "dmean2": 0.0129376519471,
        "dvar": 0.000306187808746,
        "dvar2": 0.000841921195388,
        "max": 0.143415540457,
        "mean": 0.0132472598925,
        "median": 0.00998055841774,
        "min": 6.01686805388e-23,
        "var": 0.000318182137562
    },
    "spectral_energyband_middle_high": {
        "dmean": 0.00126166839618,
        "dmean2": 0.00202019955032,
        "dvar": 6.86589555698e-06,
        "dvar2": 1.25724991449e-05,
        "max": 0.0557452514768,
        "mean": 0.00792169198394,
        "median": 0.00446616206318,
        "min": 1.41548404559e-21,
        "var": 0.000143367054989
    },
    "spectral_energyband_middle_low": {
        "dmean": 0.00262036570348,
        "dmean2": 0.00433360273018,
        "dvar": 3.01974778267e-05,
        "dvar2": 8.00638226792e-05,
        "max": 0.0562593378127,
        "mean": 0.00553042581305,
        "median": 0.00420925859362,
        "min": 1.87650445602e-22,
        "var": 3.91633075196e-05
    },
    "spectral_entropy": {
        "dmean": 0.112265765667,
        "dmean2": 0.165227770805,
        "dvar": 0.0396376028657,
        "dvar2": 0.0756986215711,
        "max": 9.80445194244,
        "mean": 7.81342554092,
        "median": 7.91373586655,
        "min": 3.23262381554,
        "var": 0.208933368325
    },
    "spectral_flux": {
        "dmean": 0.0239632725716,
        "dmean2": 0.0379430353642,
        "dvar": 0.0014033933403,
        "dvar2": 0.00277458527125,
        "max": 0.383287906647,
        "mean": 0.073093906045,
        "median": 0.0627337992191,
        "min": 1.03610058033e-10,
        "var": 0.00269926805049
    },
    "spectral_kurtosis": {
        "dmean": 1.95778548717,
        "dmean2": 3.31789255142,
        "dvar": 29.5972499847,
        "dvar2": 74.0968704224,
        "max": 196.614593506,
        "mean": 4.72625350952,
        "median": 3.48632645607,
        "min": -1.20082437992,
        "var": 43.3500328064
    },
    "spectral_rms": {
        "dmean": 0.0007888712571,
        "dmean2": 0.00123193440959,
        "dvar": 1.49428274199e-06,
        "dvar2": 3.81529480364e-06,
        "max": 0.0134923439473,
        "mean": 0.00448659341782,
        "median": 0.00484361872077,
        "min": 3.23623463097e-12,
        "var": 5.84235021961e-06
    },
    "spectral_rolloff": {
        "dmean": 604.348083496,
        "dmean2": 978.083374023,
        "dvar": 877785.9375,
        "dvar2": 1668172.5,
        "max": 18346.2890625,
        "mean": 2260.42016602,
        "median": 2390.18554688,
        "min": 64.599609375,
        "var": 2256935.25
    },
    "spectral_skewness": {
        "dmean": 0.234381660819,
        "dmean2": 0.38855612278,
        "dvar": 0.187595173717,
        "dvar2": 0.474752724171,
        "max": 12.1556339264,
        "mean": 1.25787806511,
        "median": 1.13870692253,
        "min": -0.0417233370245,
        "var": 0.408862560987
    },
    "spectral_spread": {
        "dmean": 417149.8125,
        "dmean2": 616799.5,
        "dvar": 551624245248,
        "dvar2": 781515882496,
        "max": 40812948,
        "mean": 4087502.25,
        "median": 4181769.75,
        "min": 796391.625,
        "var": 1.72465140531e+12
    },
    "spectral_strongpeak": {
        "dmean": 0.242853447795,
        "dmean2": 0.424610733986,
        "dvar": 0.526244282722,
        "dvar2": 1.28324592113,
        "max": 8.34898853302,
        "mean": 0.973646521568,
        "median": 0.235209286213,
        "min": 0,
        "var": 4.42432117462
    },
    "zerocrossingrate": {
        "dmean": 0.0109780272469,
        "dmean2": 0.0128957601264,
        "dvar": 0.000212970058783,
        "dvar2": 0.000232166421483,
        "max": 0.5146484375,
        "mean": 0.0804688185453,
        "median": 0.07666015625,
        "min": 0.00390625,
        "var": 0.00131573714316
    },
    "barkbands": {
        "dmean": [0.000386887724744, 0.00587929738685, 0.00215908163227, 0.00126861094031, 0.00121512473561, 0.00040640035877, 0.000225108567975, 0.000142217133543, 0.000178141664946, 0.000152826076373, 0.000499011192005, 6.6927910666e-05, 0.000132572706207, 0.000133293055114, 0.000151518252096, 0.000273477809969, 0.000328372581862, 0.000195460685063, 0.000262351037236, 0.000180690360139, 0.000120783573948, 8.51323929965e-05, 5.27037045686e-05, 3.87962827517e-05, 1.84995406016e-05, 1.69609065779e-05, 2.94330243378e-06],
        "dmean2": [0.000579727289733, 0.0102398265153, 0.00360759184696, 0.0020910827443, 0.00214056903496, 0.000699524476659, 0.000369801768102, 0.000244834023761, 0.000301005435176, 0.000259012944298, 0.000802900700364, 0.000112281893962, 0.000223928698688, 0.000218949702685, 0.000256367668044, 0.000456229958218, 0.000549999414943, 0.000322318053804, 0.000444720993983, 0.000299835111946, 0.000204316776944, 0.000141576208989, 8.48455892992e-05, 5.97729776928e-05, 2.77338058368e-05, 2.43844406214e-05, 4.66271785626e-06],
        "dvar": [8.0749356357e-07, 0.000215737672988, 1.89311631402e-05, 5.54848520551e-06, 8.00505858933e-06, 1.21589539503e-06, 2.03281970812e-07, 6.19586515427e-08, 1.15887864638e-07, 9.14600803981e-08, 5.89458977629e-06, 1.46842786819e-08, 1.03386007311e-07, 3.80679878731e-08, 6.97677151607e-08, 1.0372026793e-07, 1.33985651019e-07, 7.40615462291e-08, 1.01352135573e-07, 6.21198950057e-08, 2.01215506479e-08, 1.45125786943e-08, 5.53775203471e-09, 5.56056134471e-09, 7.4205142031e-10, 1.15239073839e-09, 4.94177233856e-11],
        "dvar2": [1.5975979295e-06, 0.000603165186476, 5.45003676962e-05, 1.46039092215e-05, 2.22048602154e-05, 3.36703919857e-06, 5.04893705511e-07, 1.77663693535e-07, 3.19198164789e-07, 2.33668657756e-07, 9.97747793008e-06, 3.93366228479e-08, 2.84782146309e-07, 9.30002883592e-08, 1.92601746107e-07, 2.78433248013e-07, 3.71074719396e-07, 1.80646992476e-07, 2.90629685651e-07, 1.70062733673e-07, 5.48077210283e-08, 3.77890927439e-08, 1.35786777378e-08, 1.07178719233e-08, 1.42375844447e-09, 2.12206763273e-09, 1.2049032605e-10],
        "max": [0.008515086025, 0.122587054968, 0.0427631065249, 0.02442439273, 0.0279421713203, 0.0132299745455, 0.00619187252596, 0.00313419103622, 0.00366397830658, 0.00468304334208, 0.0498484224081, 0.00136922160164, 0.0051767071709, 0.00252462760545, 0.00326160923578, 0.00424743350595, 0.00429786229506, 0.00581417744979, 0.0050302259624, 0.00481567997485, 0.00166967161931, 0.00133491423912, 0.00085931335343, 0.00177612516563, 0.000347563793184, 0.000522264861502, 9.47963417275e-05],
        "mean": [0.000450245628599, 0.00764452293515, 0.00395358307287, 0.00239256536588, 0.00168562750332, 0.00056386878714, 0.000336640980095, 0.000211374397622, 0.000276684470009, 0.000260834902292, 0.00398643827066, 9.87604289548e-05, 0.000203261632123, 0.000243885107921, 0.000258535292232, 0.000612915377133, 0.000793455925304, 0.000470430182759, 0.000703021360096, 0.000509327917825, 0.000369447894627, 0.000239650151343, 0.000144504301716, 0.000108185406134, 5.38879612577e-05, 4.48413484264e-05, 4.69575752504e-06],
        "median": [6.22138177278e-05, 0.00518645811826, 0.00275986013003, 0.00155116827227, 0.000885207089595, 0.000330153619871, 0.000178913527634, 0.000123557198094, 0.000137741240906, 0.000111853587441, 9.24337655306e-05, 6.3987376052e-05, 9.56423173193e-05, 0.000191726605408, 0.000186846242286, 0.000572909135371, 0.000745657365769, 0.000404122110922, 0.000677650794387, 0.000406386709074, 0.000347571447492, 0.000129019390442, 9.00294617168e-05, 7.4964176747e-05, 4.00709468522e-05, 2.76649989246e-05, 1.66430641002e-06],
        "min": [6.00386636399e-23, 1.80509408475e-23, 1.72725828364e-23, 2.8554005728e-24, 2.10754177809e-23, 5.3369639858e-23, 3.85433683313e-23, 3.54418070657e-23, 1.61956188845e-23, 6.96499177172e-23, 4.64567349942e-23, 8.33900445288e-23, 1.19212760971e-22, 1.14388617789e-22, 7.53237650681e-23, 1.25118287304e-22, 1.79679605689e-22, 1.45607567232e-22, 2.92362100356e-22, 2.80982560917e-22, 5.07588194952e-22, 5.58402499768e-22, 5.17715704849e-22, 8.55971284047e-22, 1.50292598265e-21, 1.75849348992e-21, 2.5653732404e-21],
        "var": [1.17254717225e-06, 0.000173402906512, 2.35275201703e-05, 9.11976985662e-06, 7.43921327739e-06, 1.01992588952e-06, 3.10312572083e-07, 9.21370215679e-08, 1.61041739943e-07, 1.65828225818e-07, 0.00013965004473, 1.65524891571e-08, 2.06275373671e-07, 6.70471820285e-08, 8.86626878582e-08, 2.47882667281e-07, 3.70199671806e-07, 2.4580583613e-07, 3.37610515544e-07, 2.29233805271e-07, 8.95755150054e-08, 6.90235921752e-08, 2.52713547866e-08, 2.22014566731e-08, 3.08888048473e-09, 3.57261420447e-09, 7.55985413159e-11]
    },
    "erbbands": {
        "dmean": [0.144175991416, 1.41750013828, 2.75316095352, 3.0634264946, 5.05164194107, 3.3229675293, 2.79970765114, 3.66990494728, 3.2112467289, 3.08083343506, 3.19596791267, 3.70425200462, 4.99362659454, 7.19484853745, 18.0759086609, 3.13032865524, 5.84096574783, 6.14011335373, 6.98751163483, 9.59664821625, 15.8448390961, 17.6549072266, 7.7032160759, 16.4332675934, 9.16379356384, 9.61786460876, 5.65208625793, 4.18369960785, 3.33952927589, 2.25738143921, 1.57301986217, 1.04959738255, 0.581034243107, 0.254664123058, 0.114400632679, 0.0758335441351, 0.0317780226469, 0.00806445162743, 0.00027848323225, 1.46513384607e-05],
        "dmean2": [0.249686896801, 2.51280283928, 4.66664981842, 4.93934631348, 8.71884155273, 5.8346414566, 4.80507421494, 6.37889194489, 5.27134990692, 5.26650381088, 5.45316743851, 6.28416013718, 8.48944187164, 11.7748270035, 29.0087432861, 5.20873498917, 9.77055263519, 10.1274356842, 11.9246606827, 16.1567211151, 26.4582252502, 29.5860137939, 12.8467912674, 27.4026203156, 15.3647165298, 16.0237598419, 9.39369010925, 7.10506153107, 5.48152351379, 3.71762132645, 2.53561878204, 1.65259230137, 0.915171861649, 0.392954975367, 0.173591583967, 0.112025678158, 0.0457571856678, 0.0119911311194, 0.000431412277976, 2.30451096286e-05],
        "dvar": [0.145321264863, 12.2467899323, 35.5495262146, 26.3185939789, 154.931137085, 51.2837944031, 42.5597763062, 101.092201233, 41.6744384766, 40.3591690063, 33.7670898438, 45.9449157715, 129.569458008, 387.647888184, 8211.11328125, 35.8745422363, 222.378097534, 86.8992385864, 204.276733398, 172.657333374, 368.80355835, 403.373779297, 95.631477356, 398.225280762, 122.163879395, 208.071258545, 43.1717605591, 28.2728462219, 22.3060836792, 10.442240715, 5.25781679153, 6.11982059479, 1.24935591221, 0.132462099195, 0.0305199082941, 0.0204995274544, 0.00394559279084, 0.000314142991556, 4.58637771317e-07, 5.9386062734e-10],
        "dvar2": [0.386034280062, 34.7078666687, 101.217178345, 72.16822052, 430.466918945, 143.704940796, 117.327934265, 285.393218994, 100.734260559, 112.064704895, 97.1875305176, 127.350967407, 349.402008057, 702.74230957, 13855.515625, 83.7153167725, 609.399475098, 212.464859009, 561.897644043, 487.521392822, 988.84552002, 1109.71716309, 256.152679443, 1076.85522461, 344.650848389, 565.777526855, 113.450515747, 77.0439147949, 58.4593963623, 27.3212814331, 13.4133119583, 12.2595567703, 2.93222475052, 0.277525097132, 0.0588485449553, 0.0395367369056, 0.00764408102259, 0.000668612367008, 1.05542051188e-06, 1.47689283025e-09],
        "max": [3.41586947441, 27.0724830627, 54.369594574, 52.5053405762, 142.124740601, 70.6527633667, 83.6960525513, 124.067741394, 108.239112854, 90.7784500122, 75.6284561157, 73.2665557861, 156.885528564, 396.336791992, 1860.5723877, 92.312789917, 252.753341675, 126.181816101, 163.933166504, 195.153137207, 315.221740723, 262.837799072, 157.729568481, 292.393096924, 169.963043213, 271.472290039, 74.1383209229, 77.1596221924, 67.5554733276, 43.169254303, 28.4236984253, 63.8363037109, 24.0589694977, 4.90418195724, 2.2816901207, 2.47670650482, 0.963477432728, 0.252111107111, 0.0097921481356, 0.000283592788037],
        "mean": [0.162201493979, 1.88423526287, 4.72586774826, 6.72814464569, 7.6181230545, 4.6924905777, 3.78989815712, 4.97516822815, 5.04916238785, 4.41758728027, 5.05485296249, 6.02995872498, 7.89630222321, 37.8649864197, 149.071136475, 10.1610212326, 9.52963924408, 11.5414505005, 12.3075113297, 20.8253726959, 38.8236885071, 43.5218734741, 22.7569122314, 42.2318153381, 27.9034404755, 25.902671814, 17.104227066, 11.9387073517, 8.82625198364, 6.28803825378, 4.00453805923, 2.66417813301, 1.5117418766, 0.691075086594, 0.334338307381, 0.191097289324, 0.0795276165009, 0.0180120691657, 0.00053188361926, 4.52099193353e-05],
        "median": [0.0689162164927, 1.36450171471, 3.15334653854, 4.80403280258, 4.3853354454, 2.44021892548, 2.08447933197, 2.83400297165, 2.7743935585, 2.72310805321, 2.84115934372, 3.2160987854, 3.97996330261, 4.78342914581, 3.77045297623, 3.30148911476, 4.66739940643, 9.08766841888, 9.08484077454, 17.8313713074, 36.9154510498, 41.3348999023, 20.8391151428, 40.5195770264, 27.9995994568, 20.1092357635, 16.4056758881, 9.6800069809, 5.33517169952, 3.21734285355, 2.37269163132, 1.632391572, 1.12092661858, 0.521819233894, 0.247785687447, 0.129245370626, 0.0466742441058, 0.00861783139408, 0.00022020493634, 4.26119804615e-05],
        "min": [1.02444188309e-21, 2.9672695231e-21, 1.09514399484e-20, 2.44967809729e-20, 2.97285771783e-20, 1.03730807571e-19, 1.27235823224e-19, 5.31248011317e-19, 6.49653746125e-19, 6.25185898702e-19, 7.22173032319e-19, 4.83010146715e-19, 1.84139896252e-18, 1.41652736025e-18, 2.29670895017e-18, 3.70858197191e-18, 5.15251341227e-18, 5.41318738819e-18, 5.54470703764e-18, 5.89859475602e-18, 5.29012855565e-18, 9.1555865715e-18, 8.54250759843e-18, 1.03982682775e-17, 1.74348133343e-17, 1.26570627839e-17, 1.53188886361e-17, 2.24483120136e-17, 2.16477963953e-17, 1.61131292623e-17, 1.52075170384e-17, 1.48921064534e-17, 1.56128868238e-17, 1.10833723481e-17, 1.25402425476e-17, 6.03738201433e-18, 3.13399957096e-18, 1.80839486967e-18, 3.58984159085e-19, 3.50559111288e-20],
        "var": [0.123422652483, 9.51822757721, 38.0068473816, 55.2047424316, 145.290145874, 49.0838432312, 38.0401115417, 82.0718765259, 71.2934341431, 40.542755127, 55.7408561707, 73.5198135376, 160.46472168, 8264.015625, 196644.625, 335.308074951, 445.674041748, 153.658340454, 225.630126953, 359.585693359, 978.848937988, 1087.5189209, 374.593566895, 1318.47338867, 485.042785645, 674.284667969, 175.502166748, 113.470436096, 91.6598968506, 51.1610298157, 21.1449623108, 19.0637722015, 3.04015469551, 0.491206496954, 0.124950163066, 0.0611380003393, 0.0114990156144, 0.00074303225847, 8.28187694424e-07, 1.32144983844e-09]
    },
    "gfcc": {
        "mean": [-18.8173274994, 69.0345458984, -123.509689331, 55.6443862915, -41.3163032532, 9.98083972931, -30.0647678375, 12.6141872406, -24.0432262421, 0.238292589784, -20.8210067749, 2.95593738556, -10.670255661],
        "cov": [[18381.7285156, -1896.54003906, 1855.10778809, 1599.61572266, 48.9201049805, 733.056945801, -595.379211426, 569.04510498, -514.188110352, 248.725357056, -541.078063965, 190.561889648, -454.376312256], [-1896.54003906, 1442.22668457, -569.059082031, -197.098129272, 110.18196106, -123.26725769, 250.820922852, -223.873764038, 113.975128174, -223.269287109, 129.050064087, -107.535461426, 217.147109985], [1855.10778809, -569.059082031, 1241.85974121, 367.792419434, 210.0756073, 286.112365723, -245.454971313, 152.971878052, -85.8580856323, 185.655944824, -132.519256592, 12.4599151611, -242.939758301], [1599.61572266, -197.098129272, 367.792419434, 714.998779297, 155.815567017, 98.2983016968, -155.056350708, 76.7472991943, 69.0578842163, 107.613113403, -72.1455154419, -93.6954269409, -140.034042358], [48.9201049805, 110.18196106, 210.0756073, 155.815567017, 288.266693115, 54.6645011902, 2.10069775581, 9.7566652298, 4.46328735352, 34.5604171753, -11.3923969269, -31.8536548615, -35.8621101379], [733.056945801, -123.26725769, 286.112365723, 98.2983016968, 54.6645011902, 290.825561523, 35.7810058594, 22.6172466278, -58.4518890381, -34.3835067749, 11.837638855, 39.9286613464, -12.838807106], [-595.379211426, 250.820922852, -245.454971313, -155.056350708, 2.10069775581, 35.7810058594, 239.649642944, -20.6053447723, 4.06485366821, -111.670799255, 65.256690979, 38.5777015686, 110.817054749], [569.04510498, -223.873764038, 152.971878052, 76.7472991943, 9.7566652298, 22.6172466278, -20.6053447723, 123.705062866, 11.5990171432, 63.890953064, -39.0143585205, 15.286942482, -45.316204071], [-514.188110352, 113.975128174, -85.8580856323, 69.0578842163, 4.46328735352, -58.4518890381, 4.06485366821, 11.5990171432, 130.85345459, 41.3909683228, 19.6894798279, -47.0182571411, 1.14904177189], [248.725357056, -223.269287109, 185.655944824, 107.613113403, 34.5604171753, -34.3835067749, -111.670799255, 63.890953064, 41.3909683228, 157.011642456, -18.0775279999, -7.962474823, -87.6651611328], [-541.078063965, 129.050064087, -132.519256592, -72.1455154419, -11.3923969269, 11.837638855, 65.256690979, -39.0143585205, 19.6894798279, -18.0775279999, 91.2393951416, 27.4520759583, 54.4017333984], [190.561889648, -107.535461426, 12.4599151611, -93.6954269409, -31.8536548615, 39.9286613464, 38.5777015686, 15.286942482, -47.0182571411, -7.962474823, 27.4520759583, 91.4972457886, 34.8465919495], [-454.376312256, 217.147109985, -242.939758301, -140.034042358, -35.8621101379, -12.838807106, 110.817054749, -45.316204071, 1.14904177189, -87.6651611328, 54.4017333984, 34.8465919495, 125.304840088]],
        "icov": [[0.000126132916193, -0.000114348425996, 6.94747723173e-05, -0.000328683207044, 0.000182543051778, -0.000224760791752, 0.000134894216899, -0.000347503693774, 0.000546609924641, -0.000208924262552, 0.00057728390675, -0.000466034020064, -6.50480069453e-05], [-0.000114348425996, 0.00223388918675, -0.000487301877001, 0.000525389623363, -0.0012097308645, 0.0011280849576, -0.000911049544811, 0.00201480602846, -0.00169078842737, 0.0018187094247, -0.00189999223221, 0.00327575090341, -0.00213794643059], [6.94747723173e-05, -0.000487301877001, 0.00282695004717, -5.08106422785e-05, -0.000997780705802, -0.00275978818536, 0.00173942942638, -0.00113706407137, 0.00057083030697, -0.00125417497475, 0.00238206237555, -0.00242224731483, 0.00275936536491], [-0.000328683207044, 0.000525389623363, -5.08106422785e-05, 0.0035062727984, -0.0016200497048, -0.000674487266224, 0.00108019832987, 4.41913834948e-05, -0.00315690040588, 0.00124267570209, -0.00132015394047, 0.00267875450663, 0.000972038134933], [0.000182543051778, -0.0012097308645, -0.000997780705802, -0.0016200497048, 0.00609807576984, -0.00039484896115, -0.00242428551428, 0.000166488272953, 0.00311408075504, -0.00399551680312, 0.0013603650732, 0.00111439125612, -0.000802023452707], [-0.000224760791752, 0.0011280849576, -0.00275978818536, -0.000674487266224, -0.00039484896115, 0.00856679584831, -0.00232854834758, 0.000234789113165, 0.00014425086556, 0.00529904989526, -0.0062298043631, 0.000872947392054, 0.000202540657483], [0.000134894216899, -0.000911049544811, 0.00173942942638, 0.00108019832987, -0.00242428551428, -0.00232854834758, 0.0129172708839, -0.00658745551482, -0.00214907503687, 0.00733704259619, -0.00320897949859, -0.00399351678789, -0.000434425863205], [-0.000347503693774, 0.00201480602846, -0.00113706407137, 4.41913834948e-05, 0.000166488272953, 0.000234789113165, -0.00658745551482, 0.0198345258832, -0.0055429157801, -0.00624276557937, 0.0079399952665, -0.00274425139651, -0.000836913939565], [0.000546609924641, -0.00169078842737, 0.00057083030697, -0.00315690040588, 0.00311408075504, 0.00014425086556, -0.00214907503687, -0.0055429157801, 0.020498374477, -0.00982499774545, -0.00243883696385, 0.00879076495767, -0.00515458686277], [-0.000208924262552, 0.0018187094247, -0.00125417497475, 0.00124267570209, -0.00399551680312, 0.00529904989526, 0.00733704259619, -0.00624276557937, -0.00982499774545, 0.0268304049969, -0.0112414397299, -0.00522909220308, 0.010896618478], [0.00057728390675, -0.00189999223221, 0.00238206237555, -0.00132015394047, 0.0013603650732, -0.0062298043631, -0.00320897949859, 0.0079399952665, -0.00243883696385, -0.0112414397299, 0.0301973838359, -0.0117803895846, -0.00368723459542], [-0.000466034020064, 0.00327575090341, -0.00242224731483, 0.00267875450663, 0.00111439125612, 0.000872947392054, -0.00399351678789, -0.00274425139651, 0.00879076495767, -0.00522909220308, -0.0117803895846, 0.0339747183025, -0.014194143936], [-6.50480069453e-05, -0.00213794643059, 0.00275936536491, 0.000972038134933, -0.000802023452707, 0.000202540657483, -0.000434425863205, -0.000836913939565, -0.00515458686277, 0.010896618478, -0.00368723459542, -0.014194143936, 0.0309773422778]]
    },
    "melbands": {
        "dmean": [0.00145823101047, 0.00160238379613, 0.000576564460061, 0.000305037916405, 0.00010091594595, 7.96146414359e-05, 4.77566645714e-05, 3.20065300912e-05, 2.59752687271e-05, 2.45785231527e-05, 2.56405728578e-05, 2.50244720519e-05, 7.78580797487e-05, 9.29363068281e-06, 1.01527084553e-05, 1.29872996695e-05, 1.22341234601e-05, 1.20981922009e-05, 1.11630770334e-05, 1.71673746081e-05, 2.10774906009e-05, 2.24889627134e-05, 9.07255434868e-06, 1.06490615508e-05, 1.55331381393e-05, 9.47268199525e-06, 7.18311275705e-06, 6.56636984786e-06, 3.97513804273e-06, 3.68897849512e-06, 2.45832734436e-06, 2.06199342756e-06, 1.82246060376e-06, 1.18631339774e-06, 1.11156919047e-06, 7.87690680681e-07, 6.39667348423e-07, 5.11118912527e-07, 3.16379640708e-07, 2.00834065822e-07],
        "dmean2": [0.00255050766282, 0.00274315592833, 0.000937240140047, 0.000531200726982, 0.000174458065885, 0.000137443246786, 7.87711105659e-05, 5.49971919099e-05, 4.41555675934e-05, 4.17507799284e-05, 4.36603440903e-05, 4.14225432905e-05, 0.000124533777125, 1.59097089636e-05, 1.71262508957e-05, 2.18854602281e-05, 2.02393148356e-05, 2.05940650631e-05, 1.88349367818e-05, 2.88921819447e-05, 3.53409704985e-05, 3.76050156774e-05, 1.52209786393e-05, 1.76538233063e-05, 2.60705801338e-05, 1.59174869623e-05, 1.22766596178e-05, 1.09738166429e-05, 6.61337162455e-06, 6.26281052973e-06, 4.17826549892e-06, 3.41381155522e-06, 3.04787704408e-06, 1.96244582185e-06, 1.80184065357e-06, 1.27252019411e-06, 1.01231523786e-06, 8.12828204744e-07, 5.00173257478e-07, 3.18030402013e-07],
        "dvar": [1.39807889354e-05, 1.32140921778e-05, 1.04845446458e-06, 5.01444674228e-07, 5.39044329173e-08, 4.61456082235e-08, 9.00978580631e-09, 4.02367428265e-09, 2.02306171815e-09, 2.24485585676e-09, 3.45437922711e-09, 2.66240363089e-09, 1.56623983116e-07, 4.03770267221e-10, 5.8722759988e-10, 9.06629327169e-10, 3.16347281704e-10, 5.26645949073e-10, 3.34151400994e-10, 4.07871902919e-10, 6.47762732342e-10, 6.5907046487e-10, 1.19953352806e-10, 2.52607240681e-10, 3.63559959915e-10, 1.48926926347e-10, 8.4032641956e-11, 9.46939540669e-11, 2.26781215334e-11, 2.07750969206e-11, 1.03527126108e-11, 8.63402318391e-12, 7.28009146023e-12, 2.83082867043e-12, 2.81956836351e-12, 1.71734447409e-12, 2.15658957706e-12, 1.20585507725e-12, 2.06691312828e-13, 7.9354911856e-14],
        "dvar2": [3.86318315577e-05, 3.71415917471e-05, 2.81836651084e-06, 1.38578241149e-06, 1.50944671873e-07, 1.28728700588e-07, 2.21228013686e-08, 1.12803251184e-08, 5.81533043942e-09, 6.24641716129e-09, 9.28614785067e-09, 5.60133539551e-09, 2.63542034418e-07, 1.05459563304e-09, 1.55022727988e-09, 2.45955456002e-09, 7.83017817252e-10, 1.44423573101e-09, 9.14402942254e-10, 1.15275422541e-09, 1.75479220044e-09, 1.81835824176e-09, 3.38586075843e-10, 6.26488250166e-10, 9.96681737142e-10, 4.22205465034e-10, 2.37711572648e-10, 2.58121718444e-10, 5.93894794454e-11, 5.65396861274e-11, 2.8540766972e-11, 2.29129840101e-11, 1.94240838691e-11, 7.39258741028e-12, 7.16403499024e-12, 3.9766874689e-12, 4.48644853906e-12, 2.9756583482e-12, 4.68612182478e-13, 1.72274873403e-13],
        "max": [0.0331322401762, 0.0311611071229, 0.0111007317901, 0.00714713614434, 0.00276944227517, 0.00259236758575, 0.00143310357817, 0.00088125327602, 0.000567361887079, 0.000535730330739, 0.000840131891891, 0.00099472887814, 0.00815306510776, 0.000338408310199, 0.00052488851361, 0.000370865571313, 0.000216748536332, 0.000276218284853, 0.000205044561881, 0.00022494654695, 0.00041136139771, 0.000331495568389, 0.000170963990968, 0.000304370973026, 0.000273498415481, 0.000158308554091, 0.000139213516377, 0.000175693348865, 5.44428730791e-05, 6.7716515332e-05, 3.88175394619e-05, 3.62193204637e-05, 3.53747309418e-05, 2.02093488042e-05, 2.02011960937e-05, 2.69006013696e-05, 3.61888669431e-05, 2.27867840294e-05, 5.25478344571e-06, 4.27220766142e-06],
        "mean": [0.00183362979442, 0.00262080482207, 0.00123654305935, 0.000449506886071, 0.000139794428833, 0.000110482258606, 7.46721416363e-05, 4.61608979094e-05, 4.21065014962e-05, 3.78865224775e-05, 3.74673509214e-05, 9.82071287581e-05, 0.000647568143904, 2.40076169575e-05, 1.69635568454e-05, 1.95597112906e-05, 2.20441543206e-05, 1.97454555746e-05, 2.02350929612e-05, 3.59164514521e-05, 4.76051718579e-05, 5.08672237629e-05, 2.08041947189e-05, 2.47660118475e-05, 3.62537030014e-05, 2.29463657888e-05, 1.85816206795e-05, 1.59645423992e-05, 1.02678059193e-05, 9.54227198235e-06, 5.99074701313e-06, 4.94902860737e-06, 4.43717271992e-06, 3.10643986268e-06, 2.51700180343e-06, 1.72168142853e-06, 1.5347951603e-06, 1.14597037282e-06, 7.82764288942e-07, 5.05254547534e-07],
        "median": [0.00108365539927, 0.00196453277022, 0.000956977950409, 0.000252177065704, 8.234505367e-05, 6.48033164907e-05, 4.18412309955e-05, 2.87197944999e-05, 2.32476304518e-05, 1.95190150407e-05, 1.66823519976e-05, 1.91942708625e-05, 1.28814835989e-05, 8.11282370705e-06, 7.66834364185e-06, 1.08020303742e-05, 1.70467756107e-05, 1.3700195268e-05, 1.54728986672e-05, 3.22186970152e-05, 4.29447027273e-05, 4.68439247925e-05, 1.8875241949e-05, 2.04752250283e-05, 3.39051766787e-05, 2.10079670069e-05, 1.60021882039e-05, 1.18017451314e-05, 9.59369117481e-06, 8.47308092489e-06, 4.30665022577e-06, 2.94596543426e-06, 2.15540012505e-06, 1.67853727362e-06, 1.3902694036e-06, 1.08227925466e-06, 8.88057684278e-07, 8.17867544356e-07, 5.81009658163e-07, 3.78417524871e-07],
        "min": [1.01076739897e-23, 5.54657489906e-24, 3.81318953277e-24, 5.51569020576e-24, 4.08831147878e-24, 1.10652966973e-23, 9.99133672774e-24, 6.72722909488e-24, 5.31026214857e-24, 2.69058327222e-24, 9.60399813467e-24, 6.15840200651e-24, 6.94919483209e-24, 7.12914662634e-24, 1.28726070078e-23, 1.16461657474e-23, 1.02343334967e-23, 9.95721454928e-24, 5.63930865391e-24, 1.06374130203e-23, 5.10156702394e-24, 8.66726683048e-24, 1.16046858632e-23, 6.34176246874e-24, 8.307998275e-24, 1.17380648874e-23, 1.37754898683e-23, 6.8398855319e-24, 7.86204652781e-24, 1.13792341497e-23, 1.41165491475e-23, 1.33097763666e-23, 8.92400318981e-24, 8.93453369403e-24, 8.51871327798e-24, 9.38726412298e-24, 9.12941231434e-24, 1.05687174349e-23, 1.0196038244e-23, 9.38364088485e-24],
        "var": [1.14597114589e-05, 1.27341108964e-05, 1.85880503523e-06, 4.76058062304e-07, 4.75313406412e-08, 3.85725975605e-08, 1.45471403812e-08, 4.09456468731e-09, 3.58487728391e-09, 3.02899239024e-09, 4.25107282709e-09, 3.91443464309e-08, 3.74907449441e-06, 1.84488435639e-09, 1.76921888251e-09, 1.23793397755e-09, 5.58045054611e-10, 6.0610144681e-10, 4.72854255751e-10, 9.03435992683e-10, 1.61990032499e-09, 1.62316360353e-09, 2.85599544014e-10, 8.09515787736e-10, 1.03318098521e-09, 4.16790407742e-10, 2.81620116116e-10, 2.74085948382e-10, 6.63930646572e-11, 7.17511466908e-11, 3.37609940004e-11, 2.98686804456e-11, 2.75012634193e-11, 1.24942564975e-11, 9.72546175537e-12, 5.40451104009e-12, 6.3483007913e-12, 2.13336813493e-12, 6.66965614682e-13, 2.70756317757e-13]
    },
    "mfcc": {
        "mean": [-653.942016602, 90.5929641724, -11.6622982025, 44.9453430176, 11.5575637817, 7.94730520248, 4.33320522308, 9.56232738495, 6.26689147949, 2.01529288292, -4.46157121658, -1.15809595585, 0.528158664703],
        "cov": [[13819.8945312, -805.671142578, 511.729034424, 1408.75366211, 520.306762695, 299.985595703, 66.341545105, 191.886978149, 101.120574951, 188.787246704, -69.8218383789, 59.0291824341, -34.4563789368], [-805.671142578, 1054.99035645, -327.767913818, -137.7706604, -136.244995117, -17.594751358, 59.6764144897, 18.0039978027, 45.4291648865, -95.8392333984, -75.8313598633, -52.797000885, 12.3658208847], [511.729034424, -327.767913818, 788.226379395, 96.1080322266, 343.019012451, 162.115890503, 36.8684120178, 25.3783531189, -41.837184906, 107.704429626, 80.1242828369, 21.9554767609, -37.159828186], [1408.75366211, -137.7706604, 96.1080322266, 491.124847412, 216.942382812, 81.5341491699, -21.3440303802, -18.5738677979, 38.511554718, 97.1488342285, 83.4838104248, 39.5168800354, -35.7269172668], [520.306762695, -136.244995117, 343.019012451, 216.942382812, 398.8777771, 149.480133057, 36.8055343628, -25.9759101868, -10.9035596848, 93.7880859375, 82.5493621826, 37.1283874512, -43.0145530701], [299.985595703, -17.594751358, 162.115890503, 81.5341491699, 149.480133057, 181.724212646, 76.2777862549, 52.2813491821, -8.69313716888, 13.8558092117, 8.15856456757, 3.32915472984, 10.8698139191], [66.341545105, 59.6764144897, 36.8684120178, -21.3440303802, 36.8055343628, 76.2777862549, 139.618148804, 82.7318649292, 15.4919290543, -33.7909545898, -42.8013114929, -1.99748075008, 29.3765697479], [191.886978149, 18.0039978027, 25.3783531189, -18.5738677979, -25.9759101868, 52.2813491821, 82.7318649292, 128.423233032, 39.8974838257, -20.0539112091, -48.8846435547, -13.9150209427, 34.3445129395], [101.120574951, 45.4291648865, -41.837184906, 38.511554718, -10.9035596848, -8.69313716888, 15.4919290543, 39.8974838257, 73.4928512573, 21.0993099213, -0.722963511944, 1.24050605297, 7.15881490707], [188.787246704, -95.8392333984, 107.704429626, 97.1488342285, 93.7880859375, 13.8558092117, -33.7909545898, -20.0539112091, 21.0993099213, 98.7303543091, 73.5581283569, 24.6340694427, -24.8761997223], [-69.8218383789, -75.8313598633, 80.1242828369, 83.4838104248, 82.5493621826, 8.15856456757, -42.8013114929, -48.8846435547, -0.722963511944, 73.5581283569, 106.465751648, 39.1358757019, -22.3054561615], [59.0291824341, -52.797000885, 21.9554767609, 39.5168800354, 37.1283874512, 3.32915472984, -1.99748075008, -13.9150209427, 1.24050605297, 24.6340694427, 39.1358757019, 50.7244644165, 12.755361557], [-34.4563789368, 12.3658208847, -37.159828186, -35.7269172668, -43.0145530701, 10.8698139191, 29.3765697479, 34.3445129395, 7.15881490707, -24.8761997223, -22.3054561615, 12.755361557, 63.6679840088]],
